855316090205
855316090277
855316090103
855316090003
855316090140
855316090196
855316090224
855316090193
855316090249
855316090221
855316090098
855316090212
855316090061
855316090276
855316090016
855316090083
855316090259
855316090232
855316090107
855316090069
855316090175
855316090067
855316090125
855316090298
855316090239
855316090011
855316090272
855316090248
855316090173
855316090115
855316090086
855316090180
855316090124
855316090038
855316090240
855316090049
855316090225
855316090130
855316090154
855316090289
855316090088
855316090256
855316090028
855316090022
855316090138
855316090185
855316090035
855316090165
855316090040
855316090270
855316090229
855316090153
855316090208
855316090132
855316090004
855316090102
855316090026
855316090292
855316090201
855316090081
855316090234
855316090100
855316090222
855316090129
855316090072
855316090245
855316090227
855316090233
855316090108
855316090152
855316090252
855316090237
855316090117
855316090096
855316090253
855316090057
855316090291
855316090296
855316090017
855316090236
855316090025
855316090000
855316090032
855316090076
855316090015
855316090161
855316090128
855316090250
855316090142
855316090297
855316090110
855316090136
855316090290
855316090286
855316090206
855316090163
855316090027
855316090037
855316090031
855316090244
855888420119
855888420036
855888420017
855888420140
855888420025
855888420097
855888420164
855888420038
855888420095
855888420015
855888420057
855888420116
855888420112
855888420058
855888420137
855888420225
855888420229
855888420288
855888420075
855888420014
855888420142
855888420263
855888420298
855888420203
855888420045
855888420026
855888420065
855888420021
855888420069
855888420173
855888420216
855888420157
855888420272
855888420181
855888420237
855888420188
855888420275
855888420111
855888420139
855888420130
855888420254
855888420260
855888420088
855888420037
855888420299
855888420124
855888420290
855888420084
855888420018
855888420182
855888420081
855888420048
855888420123
855888420186
855888420168
855888420005
855888420147
855888420259
855888420063
855888420028
855888420252
855888420201
855888420295
855888420022
855888420052
855888420066
855888420013
855888420080
855888420190
855888420274
855888420073
855888420055
855888420231
855888420230
855888420033
855888420128
855888420212
855888420062
855888420160
855888420196
855888420180
855888420150
855888420183
855888420011
855888420076
855888420222
855888420118
855888420276
855888420035
855888420158
855888420107
855888420191
855888420258
855888420155
855888420120
855888420019
855888420283
855888420056
855888420281
855888420104
